              precision    recall  f1-score   support

         asm       1.00      0.99      0.99      8000
         ben       1.00      1.00      1.00      8000
         brx       1.00      0.95      0.97      8000
         doi       0.98      0.93      0.96      8000
         eng       1.00      1.00      1.00      8000
         gom       0.97      0.99      0.98      8000
         guj       1.00      1.00      1.00      8000
         hin       1.00      1.00      1.00      8000
         kan       1.00      1.00      1.00      8000
         kas       1.00      1.00      1.00      8000
         mai       0.91      0.94      0.92      8000
         mal       1.00      1.00      1.00      8000
         mar       1.00      0.98      0.99      8000
    mni_Beng       1.00      1.00      1.00      8000
    mni_Mtei       0.74      0.68      0.71      8000
         npi       0.88      0.97      0.92      8000
         ory       1.00      1.00      1.00      8000
         pan       1.00      1.00      1.00      8000
         san       1.00      1.00      1.00      8000
         sat       0.70      0.77      0.73      8000
    snd_Arab       1.00      1.00      1.00      8000
    snd_Deva       0.98      0.95      0.96      8000
         tam       1.00      1.00      1.00      8000
         tel       1.00      1.00      1.00      8000
         urd       1.00      1.00      1.00      8000

    accuracy                           0.97    200000
   macro avg       0.97      0.97      0.97    200000
weighted avg       0.97      0.97      0.97    200000
