--- Classification Report (Coarse Labels) ---
              precision    recall  f1-score   support

         asm       0.99      0.98      0.99      8000
         ben       1.00      1.00      1.00      8000
         brx       0.93      0.97      0.95      8000
         doi       0.95      0.95      0.95      8000
         eng       1.00      1.00      1.00      8000
         gom       0.97      0.97      0.97      8000
         guj       1.00      1.00      1.00      8000
         hin       1.00      0.99      1.00      8000
         kan       1.00      0.99      0.99      8000
         kas       0.99      0.99      0.99      8000
         mai       0.92      0.91      0.92      8000
         mal       1.00      0.98      0.99      8000
         mar       0.99      0.98      0.98      8000
         mni       1.00      1.00      1.00     16000
         npi       0.95      0.94      0.94      8000
         ory       1.00      1.00      1.00      8000
         pan       1.00      0.99      0.99      8000
         san       0.99      1.00      1.00      8000
         sat       1.00      1.00      1.00      8000
         snd       0.98      0.98      0.98     16000
         tam       0.99      0.98      0.99      8000
         tel       1.00      0.99      1.00      8000
         urd       0.93      1.00      0.96      8000

    accuracy                           0.98    200000
   macro avg       0.98      0.98      0.98    200000
weighted avg       0.98      0.98      0.98    200000


Precision: 0.9820
Recall:    0.9818
F1 Score:  0.9818
