Best Parameters: {'C': 10, 'penalty': 'l2'}

Test Set Classification Report:
              precision    recall  f1-score   support

         asm       0.96      0.92      0.94      1000
         ben       0.98      0.96      0.97      1000
         brx       0.49      0.92      0.64      1000
         doi       0.66      0.65      0.65      1000
         eng       1.00      0.99      0.99      1000
         gom       0.79      0.73      0.76      1000
         guj       1.00      1.00      1.00      1000
         hin       0.81      0.80      0.81      1000
         kan       1.00      0.99      1.00      1000
         kas       0.98      0.94      0.96      1000
         mai       0.74      0.59      0.66      1000
         mal       1.00      0.99      1.00      1000
         mar       0.86      0.82      0.84      1000
         mni       1.00      0.95      0.97      1000
         npi       0.75      0.67      0.71      1000
         ory       1.00      0.98      0.99      1000
         pan       1.00      0.95      0.97      1000
         sat       1.00      0.98      0.99      1000
         snd       0.70      0.64      0.67      1000
         tam       1.00      0.99      0.99      1000
         tel       1.00      0.97      0.98      1000
         urd       0.98      0.93      0.96      1000

    accuracy                           0.88     22000
   macro avg       0.90      0.88      0.88     22000
weighted avg       0.90      0.88      0.88     22000


Dev Set Classification Report:
              precision    recall  f1-score   support

         asm       0.97      0.91      0.94      1000
         ben       0.97      0.97      0.97      1000
         brx       0.50      0.93      0.65      1000
         doi       0.68      0.65      0.66      1000
         eng       1.00      1.00      1.00      1000
         gom       0.80      0.73      0.76      1000
         guj       1.00      0.99      1.00      1000
         hin       0.83      0.83      0.83      1000
         kan       1.00      1.00      1.00      1000
         kas       0.99      0.95      0.97      1000
         mai       0.74      0.61      0.67      1000
         mal       1.00      0.99      1.00      1000
         mar       0.88      0.83      0.85      1000
         mni       1.00      0.95      0.97      1000
         npi       0.73      0.67      0.70      1000
         ory       1.00      0.99      0.99      1000
         pan       1.00      0.96      0.98      1000
         sat       1.00      0.98      0.99      1000
         snd       0.69      0.67      0.68      1000
         tam       1.00      0.98      0.99      1000
         tel       1.00      0.95      0.98      1000
         urd       0.98      0.93      0.95      1000

    accuracy                           0.88     22000
   macro avg       0.90      0.88      0.89     22000
weighted avg       0.90      0.88      0.89     22000

Per-Class Metrics (No Averaging):
Dev Precision: [0.96712619 0.9718593  0.50108342 0.67741935 0.998999   0.80309735
 1.         0.8321608  1.         0.98748697 0.73709484 1.
 0.88004246 0.99790576 0.73267327 1.         0.99792316 1.
 0.69406868 1.         1.         0.9820296 ]
Dev Recall: [0.912 0.967 0.925 0.651 0.998 0.726 0.994 0.828 0.996 0.947 0.614 0.995
 0.829 0.953 0.666 0.989 0.961 0.982 0.667 0.979 0.954 0.929]
Dev F1-Score: [0.9387545  0.96942356 0.65003514 0.66394697 0.99849925 0.76260504
 0.99699097 0.83007519 0.99799599 0.96681981 0.66993999 0.99749373
 0.85375901 0.97493606 0.69774751 0.99446958 0.9791136  0.99091826
 0.68026517 0.98938858 0.97645855 0.95477903]


Test Precision: [0.96712619 0.9718593  0.50108342 0.67741935 0.998999   0.80309735
 1.         0.8321608  1.         0.98748697 0.73709484 1.
 0.88004246 0.99790576 0.73267327 1.         0.99792316 1.
 0.69406868 1.         1.         0.9820296 ]
Test Recall: [0.912 0.967 0.925 0.651 0.998 0.726 0.994 0.828 0.996 0.947 0.614 0.995
 0.829 0.953 0.666 0.989 0.961 0.982 0.667 0.979 0.954 0.929]
Test F1-Score: [0.9387545  0.96942356 0.65003514 0.66394697 0.99849925 0.76260504
 0.99699097 0.83007519 0.99799599 0.96681981 0.66993999 0.99749373
 0.85375901 0.97493606 0.69774751 0.99446958 0.9791136  0.99091826
 0.68026517 0.98938858 0.97645855 0.95477903]


For Macro Averaging:
Dev Precision: 0.8982259155691501
Dev Recall: 0.8846363636363637
Dev F1-Score: 0.8879279774405748
Test Precision: 0.8982259155691501
Test Recall: 0.8846363636363637
Test F1-Score: 0.8879279774405748


For Micro Averaging:
Dev Precision: 0.8846363636363637
Dev Recall: 0.8846363636363637
Dev F1-Score: 0.8846363636363637
Test Precision: 0.8807272727272727
Test Recall: 0.8807272727272727
Test F1-Score: 0.8807272727272727


For Weighted Averaging:
Dev Precision: 0.8951647521444014
Dev Recall: 0.8807272727272727
Dev F1-Score: 0.8842493976651822
Test Precision: 0.8951647521444014
Test Recall: 0.8807272727272727
PS C:\Users\Lenovo\Desktop\TextLangD
