#here we take n_gram_range=(1,2)

Best Parameters: {'C': 10, 'penalty': 'l2'}

Test Set Classification Report:
              precision    recall  f1-score   support

         asm       0.96      0.92      0.94      1000
         ben       0.98      0.97      0.97      1000
         brx       0.50      0.92      0.65      1000
         doi       0.68      0.68      0.68      1000
         eng       1.00      0.99      0.99      1000
         gom       0.81      0.74      0.77      1000
         guj       1.00      1.00      1.00      1000
         hin       0.83      0.83      0.83      1000
         kan       1.00      1.00      1.00      1000
         kas       0.98      0.94      0.96      1000
         mai       0.75      0.62      0.68      1000
         mal       1.00      0.99      1.00      1000
         mar       0.88      0.84      0.86      1000
         mni       1.00      0.95      0.97      1000
         npi       0.75      0.70      0.73      1000
         ory       1.00      0.98      0.99      1000
         pan       1.00      0.95      0.98      1000
         sat       1.00      0.98      0.99      1000
         snd       0.72      0.66      0.69      1000
         tam       1.00      0.99      0.99      1000
         tel       1.00      0.97      0.98      1000
         urd       0.98      0.92      0.95      1000

    accuracy                           0.89     22000
   macro avg       0.90      0.89      0.89     22000
weighted avg       0.90      0.89      0.89     22000


Dev Set Classification Report:
              precision    recall  f1-score   support

         asm       0.97      0.92      0.94      1000
         ben       0.98      0.97      0.97      1000
         brx       0.51      0.91      0.65      1000
         doi       0.69      0.68      0.69      1000
         eng       1.00      1.00      1.00      1000
         gom       0.81      0.75      0.78      1000
         guj       1.00      0.99      1.00      1000
         hin       0.83      0.83      0.83      1000
         kan       1.00      1.00      1.00      1000
         kas       0.99      0.95      0.97      1000
         mai       0.76      0.65      0.70      1000
         mal       1.00      0.99      1.00      1000
         mar       0.90      0.84      0.87      1000
         mni       1.00      0.95      0.98      1000
         npi       0.75      0.70      0.73      1000
         ory       1.00      0.99      0.99      1000
         pan       1.00      0.96      0.98      1000
         sat       1.00      0.98      0.99      1000
         snd       0.72      0.68      0.69      1000
         tam       1.00      0.98      0.99      1000
         tel       1.00      0.95      0.98      1000
         urd       0.98      0.91      0.94      1000

    accuracy                           0.89     22000
   macro avg       0.90      0.89      0.89     22000
weighted avg       0.90      0.89      0.89     22000

Per-Class Metrics (No Averaging):
Dev Precision: [0.96927966 0.97583082 0.508069   0.6878147  0.998999   0.81081081
 1.         0.83066132 1.         0.9916318  0.75732708 1.
 0.89669862 1.         0.75268817 1.         0.997921   1.
 0.71580064 1.         1.         0.98164147]
Dev Recall: [0.915 0.969 0.913 0.683 0.998 0.75  0.995 0.829 0.998 0.948 0.646 0.995
 0.842 0.952 0.7   0.989 0.96  0.981 0.675 0.979 0.953 0.909]
Dev F1-Score: [0.94135802 0.97240341 0.65284233 0.6853989  0.99849925 0.77922078
 0.99749373 0.82982983 0.998999   0.96932515 0.69724771 0.99749373
 0.86848891 0.97540984 0.7253886  0.99446958 0.97859327 0.99040888
 0.69480185 0.98938858 0.97593446 0.94392523]


Test Precision: [0.96927966 0.97583082 0.508069   0.6878147  0.998999   0.81081081
 1.         0.83066132 1.         0.9916318  0.75732708 1.
 0.89669862 1.         0.75268817 1.         0.997921   1.
 0.71580064 1.         1.         0.98164147]
Test Recall: [0.915 0.969 0.913 0.683 0.998 0.75  0.995 0.829 0.998 0.948 0.646 0.995
 0.842 0.952 0.7   0.989 0.96  0.981 0.675 0.979 0.953 0.909]
Test F1-Score: [0.94135802 0.97240341 0.65284233 0.6853989  0.99849925 0.77922078
 0.99749373 0.82982983 0.998999   0.96932515 0.69724771 0.99749373
 0.86848891 0.97540984 0.7253886  0.99446958 0.97859327 0.99040888
 0.69480185 0.98938858 0.97593446 0.94392523]


For Macro Averaging:
Dev Precision: 0.9034170039324636
Dev Recall: 0.8899545454545454
Dev F1-Score: 0.8934964120235077
Test Precision: 0.9034170039324636
Test Recall: 0.8899545454545454
Test F1-Score: 0.8934964120235077


For Micro Averaging:
Dev Precision: 0.8899545454545454
Dev Recall: 0.8899545454545454
Dev F1-Score: 0.8899545454545454
Test Precision: 0.8878636363636364
Test Recall: 0.8878636363636364
Test F1-Score: 0.8878636363636364


For Weighted Averaging:
Dev Precision: 0.9016071245495878
Dev Recall: 0.8878636363636364
Dev F1-Score: 0.8913840432085715
Test Precision: 0.9016071245495878
Test Recall: 0.8878636363636364
