              precision    recall  f1-score   support

         asm       1.00      0.75      0.86        61
         ben       0.96      0.97      0.96        89
         eng       0.99      0.94      0.97        90
         guj       1.00      0.95      0.98       145
         hin       1.00      0.96      0.98        93
         mal       1.00      0.74      0.85       196
         ori       1.00      0.88      0.93        72
         pan       1.00      0.95      0.97       102
         tam       1.00      0.81      0.90       107
         mal       1.00      0.74      0.85       196
         ori       1.00      0.88      0.93        72
         pan       1.00      0.95      0.97       102
         tam       1.00      0.81      0.90       107
         ori       1.00      0.88      0.93        72
         pan       1.00      0.95      0.97       102
         tam       1.00      0.81      0.90       107
         pan       1.00      0.95      0.97       102
         tam       1.00      0.81      0.90       107
         tel       0.63      1.00      0.77       209
         tam       1.00      0.81      0.90       107
         tel       0.63      1.00      0.77       209
         urd       1.00      0.88      0.93        72

         tel       0.63      1.00      0.77       209
         urd       1.00      0.88      0.93        72

         urd       1.00      0.88      0.93        72


    accuracy                           0.90      1236
   macro avg       0.96      0.89      0.92      1236
weighted avg       0.93      0.90      0.90      1236
    accuracy                           0.90      1236
   macro avg       0.96      0.89      0.92      1236
weighted avg       0.93      0.90      0.90      1236
weighted avg       0.93      0.90      0.90      1236

              precision    recall  f1-score   support

         asm       0.98      0.65      0.78        62
         ben       0.96      0.96      0.96        90
         eng       1.00      0.93      0.97        90
         guj       1.00      0.95      0.98       146
         hin       1.00      0.98      0.99        94
         mal       1.00      0.76      0.86       197
              precision    recall  f1-score   support

         asm       0.98      0.65      0.78        62
         ben       0.96      0.96      0.96        90
         eng       1.00      0.93      0.97        90
         guj       1.00      0.95      0.98       146
         hin       1.00      0.98      0.99        94
         mal       1.00      0.76      0.86       197

         asm       0.98      0.65      0.78        62
         ben       0.96      0.96      0.96        90
         eng       1.00      0.93      0.97        90
         guj       1.00      0.95      0.98       146
         hin       1.00      0.98      0.99        94
         mal       1.00      0.76      0.86       197
         asm       0.98      0.65      0.78        62
         ben       0.96      0.96      0.96        90
         eng       1.00      0.93      0.97        90
         guj       1.00      0.95      0.98       146
         hin       1.00      0.98      0.99        94
         mal       1.00      0.76      0.86       197
         ben       0.96      0.96      0.96        90
         eng       1.00      0.93      0.97        90
         guj       1.00      0.95      0.98       146
         hin       1.00      0.98      0.99        94
         mal       1.00      0.76      0.86       197
         eng       1.00      0.93      0.97        90
         guj       1.00      0.95      0.98       146
         hin       1.00      0.98      0.99        94
         mal       1.00      0.76      0.86       197
         hin       1.00      0.98      0.99        94
         mal       1.00      0.76      0.86       197
         mal       1.00      0.76      0.86       197
         ori       1.00      0.92      0.96        73
         pan       1.00      0.95      0.97       102
         ori       1.00      0.92      0.96        73
         pan       1.00      0.95      0.97       102
         tam       1.00      0.77      0.87       108
         pan       1.00      0.95      0.97       102
         tam       1.00      0.77      0.87       108
         tam       1.00      0.77      0.87       108
         tel       0.62      1.00      0.76       210
         tel       0.62      1.00      0.76       210
         urd       1.00      0.86      0.93        73
         urd       1.00      0.86      0.93        73

    accuracy                           0.89      1245
   macro avg       0.96      0.88      0.91      1245
weighted avg       0.93      0.89      0.90      1245
